3 4 6115 14 9174 6151
2 8 11076 6156 6033 37 3131 52 11162 9206
2 6 11098 11119 9205 105 10207 3147
2 6 299 6148 242 9251 6406 6331
2 4 3301 6301 253 377
2 5 9355 9411 300 246 382
1 8 9289 342 6292 386 304 386 216 11370
2 6 6429 462 3562 11427 491 11479
1 7 3392 6546 3412 474 3496 560 6280
1 3 6934 519 11486
2 6 3480 6458 11557 525 3543 550
2 4 9535 6595 552 9570
1 4 12732 2022 556 5025
1 3 778 611 6780
3 3 11594 624 11581
2 5 3671 11596 629 655 6657
1 5 731 6733 9647 670 3672
2 4 3701 687 3076 11636
1 4 9668 690 660 3663
1 5 6732 715 718 908 9850
1 6 3918 920 877 6941 724 9817
2 4 11702 755 11718 3771
2 3 3736 761 9740
1 3 3772 771 6788
3 5 9817 6924 799 3861 11805
1 6 3816 813 11766 857 3859 9785
1 6 819 11803 883 6939 3966 6831
1 6 3902 11852 885 903 6936 11825
1 6 6732 3906 905 3906 11830 9832
2 3 3928 911 11834
1 5 819 9826 923 11846 9904
2 5 856 981 11898 928 4112
1 4 6846 873 951 3957
1 5 10024 4098 962 6959 6906
1 5 3660 658 6661 969 3780
1 5 1145 9964 1013 11923 7132
2 4 832 9903 1093 10024
1 4 3864 976 1109 4109
3 3 1065 1201 4206
1 4 7329 4310 1364 7342
1 9 4241 7445 12273 10300 7417 7389 4399 1421 10184
2 5 3208 1426 12503 4787 4720
1 3 8178 1494 12064
3 4 10401 1510 8120 10801
2 6 4540 4449 4569 1523 10457 12497
2 5 12497 1527 10339 6737 12312
2 4 5186 10994 1583 2109
1 4 1542 7594 1598 4575
2 6 1568 4602 4643 1639 12494 12321
2 5 1814 7826 1801 10609 4718
2 4 1801 7826 1814 12632
2 3 4851 1874 7872
2 3 10795 1914 10743
1 3 8073 1920 10840
2 4 8021 2025 1932 12817
1 4 1937 1944 12772 2052
1 3 13211 1993 11194
1 4 5010 12856 2009 12800
1 3 13079 2029 12821
1 3 1975 2056 1891
1 3 4965 2077 4991
1 4 12726 2089 13366 8085
2 3 2038 2094 7959
2 4 3795 2097 12855 7977
2 3 12922 2106 5213
2 3 12975 2115 10968
1 6 7088 12783 2154 12783 1181 4941
1 4 1846 10988 2176 5180
1 5 2211 2203 5195 2197 8204
1 3 5196 2206 10932
3 7 9167 67 204 3161 3061 6186 9206
3 9 3122 11126 3117 169 6066 3083 9194 9129 11105
2 8 6181 178 11031 11117 3134 11183 142 9140
3 6 3122 11065 9038 3025 3137 9167
2 7 3152 567 83 3174 11291 9501 10493
2 5 9262 11246 3194 6342 6222
2 3 3301 3205 6384
2 4 333 3215 9343 11349
2 3 405 3234 3326
2 4 11293 3359 3242 3379
1 4 377 407 3274 6363
3 5 6287 6393 3260 3325 11251
2 9 306 3210 11336 6305 3390 3335 6411 9384 9355
2 3 11237 3342 11293
1 6 3320 9274 3393 318 3281 3392
2 4 529 11494 3423 11547
2 4 6469 3444 6500 6496
1 4 3497 562 3458 3521
1 4 442 3497 562 3458
3 5 11446 3501 13070 11333 6103
2 3 11533 3524 9486
2 4 9418 3560 3546 13011
3 6 3521 3559 11399 6580 536 11479
1 5 6562 3414 3583 9457 11467
2 8 4345 4270 6625 3605 11567 9580 6797 3775
1 3 7891 3606 7869
2 4 9771 3630 6652 3645
2 4 3652 817 3650 11794
1 7 628 9613 6673 11612 3673 653 9648
1 5 705 3686 6704 9677 9680
1 4 3010 7787 3706 7718
1 5 12459 7462 3732 6719 10230
1 6 11668 3760 3734 3752 765 11559
1 5 6962 11709 3754 6773 3771
1 5 6609 3768 762 11713 958
2 4 2097 3795 12413 4951
2 6 9612 9610 3796 793 11754 9771
1 7 9727 7547 971 7528 3829 827 6855
1 4 1109 976 3864 3973
2 5 922 3893 11842 9888 6814
2 3 911 3928 9909
1 4 3984 3939 6940 9874
1 6 11747 11784 3907 6808 3951 3983
1 7 12014 9970 1120 1162 4050 4207 4165
1 6 1146 1099 4105 1171 7104 12019
1 5 7656 4114 4144 1139 9958
1 4 4050 4207 4165 9978
1 6 12291 10247 4287 12221 10318 12459
2 5 1424 4432 7379 4362 12291
1 5 4641 7632 4598 10484 7660
1 4 831 4601 1445 9727
2 3 7637 4619 12467
1 3 917 4678 7830
2 6 1801 10609 4718 7887 1565 4543
2 6 1426 12503 4787 4720 4787 7683
2 4 10807 4915 10794 11955
3 3 4883 4950 11995
1 3 4904 4965 2077
2 3 1969 4972 5028
1 3 1900 4991 2077
2 5 4883 7619 5019 12226 10324
1 6 12727 7995 10923 4968 5027 12758
3 3 12786 5055 12137
1 4 10752 5074 13374 12821
3 3 4045 5096 4410
1 7 8098 5105 8044 7975 1978 4998 12717
1 5 8129 5151 2168 12999 12853
2 3 10932 5180 2176
2 5 1583 10994 5186 7636 12977
1 3 650 5191 8194
1 3 2206 5196 5210
2 4 8129 13282 5208 8140
1 5 2218 8233 5223 12903 10419
1 4 2192 3109 6008 11012
3 6 14 9174 6151 6072 9196 9296
2 9 3164 9222 9043 3135 6180 11027 135 12 6149
1 3 11279 6237 9315
3 3 391 6241 11456
2 6 3190 6135 6247 346 3240 9356
2 8 382 3236 11347 6262 6315 9313 9330 11379
1 6 474 3496 560 6280 11341 9304
2 3 6336 6286 9309
1 4 9383 6300 3150 11136
2 5 11237 11267 6313 3396 9303
2 3 9315 6318 6384
2 3 3369 6351 3422
1 4 3274 6363 9364 3301
2 3 6235 6364 3277
2 5 3299 3571 9555 6418 11542
2 6 6474 3421 6420 9571 9729 11700
3 4 3422 6489 11471 9239
2 8 6794 9581 11400 6490 3478 449 11418 9417
2 5 3552 3758 6536 9510 11465
2 5 17 6558 3460 3510 9570
1 4 3569 6562 3414 3583
2 3 589 6568 6555
2 3 529 6570 6469
2 4 9537 6573 6586 11691
2 4 11420 6585 9534 11506
2 3 6488 6594 11417
1 4 3976 6985 6606 782
1 3 778 6609 3768
1 3 3604 6656 628
1 6 663 11623 6680 11638 9666 708
2 4 3617 9621 6700 11625
3 4 686 6720 9676 6703
2 6 758 6955 9689 6734 11673 9817
1 3 9794 6862 6875
1 3 6862 6875 11833
2 5 3866 3790 6880 12070 9815
1 6 6814 6952 6923 893 9791 9930
1 6 6766 943 6931 3898 897 872
2 4 519 6934 3679 663
1 5 3754 11709 6962 760 9898
2 7 6866 9839 3969 6996 11885 844 11768
2 3 3996 7011 10073
1 4 9936 7021 10036 7125
2 5 7637 7035 1083 10017 7222
1 3 11960 7072 12031
2 5 10029 3994 7118 638 12384
1 6 1092 1191 7145 1167 10055 12031
1 5 1024 7169 12056 1063 9865
1 4 1086 7176 1015 4115
2 4 875 1178 7183 1048
1 4 1092 11946 7212 12031
2 4 7125 7221 7204 11992
1 7 1330 12197 7254 10182 3651 1014 12090
2 4 7766 12534 7348 3498
1 7 7329 12199 1348 7399 12271 4367 10313
2 8 10401 12420 12490 1622 7465 7428 4237 10255
1 4 10474 4009 7580 9934
1 3 7630 7617 4624
2 4 1568 7621 4573 12379
2 3 7035 7637 4619
2 4 1641 7638 4436 10447
1 5 1386 7223 7642 10135 12293
2 7 1356 4769 7807 10715 7683 4787 4720
1 7 2028 10770 10899 7803 8055 10724 8081
1 5 1408 4413 7853 4343 12578
2 5 1734 6767 7899 1769 11571
1 3 8178 7900 8245
1 3 2947 7901 13075
1 4 5021 7913 10732 12810
1 3 12873 7921 10895
1 3 10912 7968 8024
2 4 2097 12855 7977 12726
1 4 5000 7993 1887 5026
1 4 8062 13246 8036 10734
2 5 4908 4977 1945 8057 10895
1 4 5037 1923 8073 1920
2 3 1974 8078 12830
3 3 10946 8143 10998
2 5 5200 8189 10959 5115 8140
2 3 8182 8201 10972
1 3 2197 8204 12632
1 4 2196 8205 12911 10932
2 3 650 8222 12984
2 3 2096 8223 7088
1 3 8219 8248 5158
2 3 5143 8255 10975
2 9 6132 9220 6161 6083 9108 6165 6125 9147 11125
2 8 11168 3154 11189 9131 3175 11177 9110 3164
2 4 6050 9149 11163 35
2 7 3140 57 70 9197 11068 149 3151
2 7 4640 11057 6099 9221 9485 11302 10493
2 4 3194 11246 9262 6314
2 4 9309 9281 11233 11388
2 8 6354 11271 6233 6344 9288 546 3568 3480
1 5 6413 6359 9304 11341 6280
2 4 6375 9316 11274 11301
2 3 6336 9335 9309
2 4 9315 9379 9269 11297
2 3 321 9388 3340
2 4 11218 9314 9392 9383
1 5 6483 11411 9425 11550 9548
3 5 6464 13205 9427 11413 442
3 3 3262 9431 6598
2 6 310 11358 9246 9438 9357 6296
2 5 418 9449 3492 558 3580
2 4 3495 527 9495 11465
3 3 391 9498 3262
2 4 495 3398 9547 9486
2 4 3522 6487 9560 6582
2 4 6598 13068 9574 11519
2 6 9467 3640 11728 9585 6607 3763
1 4 11574 9591 9588 9595
2 4 4345 9601 7291 12149
3 3 11594 9611 11581
2 3 6677 9614 9612
1 5 3649 11592 9619 3665 6679
1 4 596 9596 9627 599
1 3 678 9638 9620
2 6 6710 9724 9667 722 11695 3763
1 6 6711 6714 11676 9704 727 9548
2 5 761 9740 10621 11682 490
1 6 3780 6790 9752 6790 3773 6788
2 5 3938 3794 9800 9846 11825
1 5 718 908 9850 6909 9832
1 5 7169 12056 1063 9865 6994
1 4 9794 9904 11846 923
1 6 6857 6990 9930 9791 893 6923
1 4 7021 9936 10036 7125
2 6 10013 10113 9945 10113 1194 10070
1 4 7656 9958 1139 4144
1 4 1182 9998 7157 7087
1 4 7069 10023 1207 4933
1 4 962 4098 10024 1093
1 4 7202 10029 3994 7118
2 5 7656 10098 9995 10040 11916
1 7 7415 12243 12228 10240 10199 12186 10212
1 8 4396 8091 10269 13377 12171 10212 12186 10199
1 6 1345 1373 12212 10225 12343 10382
1 5 4345 4417 10230 6719 3732
1 6 7399 12271 4367 10313 13376 12299
1 3 10513 10360 12479
1 5 4486 7184 10383 1631 4951
2 3 2213 10400 12064
2 4 1529 10405 4533 8181
2 5 1538 10428 9946 7574 10401
1 3 10360 10513 10947
2 4 7718 10552 3769 12603
1 3 7782 10585 2947
1 3 7891 10703 7830
1 4 1179 7049 10735 8098
2 3 1914 10743 12806
2 4 4410 10801 8120 1510
1 3 4887 10832 10730
1 4 8024 10736 10879 1981
1 4 12867 2021 10889 12810
3 3 7842 10929 2216
2 5 2227 10933 2175 13273 5107
1 3 7500 10985 12942
1 3 5128 10993 8246
1 3 6008 11012 12830
2 3 2209 11023 8224
2 6 105 9205 11119 11098 10723 9121
2 7 3171 11184 3007 9138 11114 9054 6164
3 9 6149 9172 9050 11149 9370 3264 3139 3027 381
1 3 1993 11194 9137
3 8 6326 11259 6242 3310 6324 11202 9408 9120
2 8 299 329 11215 11327 11160 6120 11376 9279
2 4 3258 3367 11219 11359
2 3 11221 11253 6103
2 6 3215 9343 11349 6303 3279 11254
2 5 385 11257 11371 9255 9303
2 4 9361 11372 11343 9263
2 3 221 11374 6103
2 7 6164 9209 9308 11380 11390 3229 299
1 4 482 3474 11404 9497
2 3 6241 11456 6496
3 7 6338 372 9514 11496 9401 339 11225
2 3 708 11499 9517
2 4 3509 553 11521 11535
2 4 9548 6584 11534 9716
1 5 9537 555 581 11554 9412
1 4 9588 9591 11574 11577
1 3 628 11595 6626
1 3 663 11604 9620
3 3 9660 11625 6700
2 5 9692 3716 11679 6561 9537
2 5 737 3755 11683 574 11561
1 4 6759 3740 11697 3931
2 5 6613 6786 11716 9728 958
1 3 6626 11735 11564
1 8 3918 918 13232 3874 794 11756 9917 6866
2 6 940 9755 7143 10056 11810 11746
1 5 3931 11838 11821 11819 872
2 3 9833 11829 11811
1 5 9771 11868 11857 935 949
2 4 9771 11887 9906 9874
2 3 4111 11919 1065
1 3 1494 12064 10400
1 7 7254 10182 3651 1014 12090 1142 9991
1 7 1224 12118 12153 10186 12112 1261 10302
2 5 490 13196 12147 7364 3208
1 3 4416 12247 7363
1 5 4608 4390 1413 12277 12293
1 4 1639 12494 12321 10981
2 3 7500 12351 12364
3 4 12364 12379 4573 7621
1 5 4608 10479 12472 7654 4273
2 3 1580 12519 8136
1 6 7853 4343 12578 7820 1854 6742
2 3 2213 12648 5231
2 3 736 12682 7782
1 3 1975 12707 5101
2 4 12753 8236 12712 10730
1 7 5105 8044 7975 1978 4998 12717 12763
2 3 10764 12719 3165
2 3 2089 12726 7977
1 3 2051 12746 12873
2 3 12858 12747 12834
1 4 1900 12753 8236 12712
1 4 12717 12763 1910 10905
2 3 5013 12787 12785
1 5 10494 4969 10864 12790 1937
2 4 5045 12794 8116 7930
1 4 2029 12821 13374 5074
2 3 4989 12834 12747
1 3 10812 12838 2044
2 3 12785 12843 12874
1 7 5037 12883 2033 8092 2095 2027 12101
2 5 12795 1516 1929 12907 7161
1 3 11145 12929 12989
2 3 8214 12940 12963
1 3 10985 12942 10975
2 3 2209 12943 10986
1 3 2225 12953 5166
2 5 2218 12923 12977 7636 5186
2 3 2126 12981 7548
2 3 5121 12984 8222
1 3 5221 12986 12908
2 6 10980 8190 12996 2153 10999 8196
2 3 2407 13075 7901
2 3 12785 13212 12874
2 4 17 9532 11558 9546
2 4 35 9185 9209 6164
2 6 117 71 6035 6086 9111 9177
2 7 117 11109 9234 320 248 11234 6293
2 3 121 3220 3190
1 7 122 6145 65 3192 137 3049 9296
2 4 158 11081 11164 11125
2 5 158 120 82 9233 11079
3 7 158 11121 195 66 3172 11065 3122
2 6 158 6212 9106 11199 9104 11076
2 5 166 60 9082 3084 11159
2 10 186 6202 11179 3041 11133 11193 146 3363 370 381
2 6 186 9124 6100 3079 84 3164
1 5 188 3090 3188 3114 122
2 2 241 309
2 3 279 3381 17
2 2 281 3288
2 4 281 3384 3254 400
2 4 306 3247 11353 6293
2 3 306 223 6354
2 5 306 3362 6387 9382 11254
2 4 310 6459 3219 6326
2 4 310 233 9341 406
2 5 310 11358 11342 9295 3320
2 2 317 11251
2 4 333 3176 11154 9177
2 5 333 6245 11250 3358 9302
2 6 333 6245 9256 11236 9278 9356
2 4 351 11270 11317 11297
2 2 362 3380
2 2 362 9263
2 2 374 3326
2 3 377 6378 3369
2 4 381 305 11320 6278
2 2 383 6331
2 6 383 3307 6412 9362 6345 9279
2 2 385 337
3 2 391 68
3 3 391 3314 6336
1 4 392 9338 6302 6226
2 6 392 3382 11319 6404 339 11225
3 3 400 11357 11301
3 5 413 9448 9339 11323 11351
2 7 413 9448 6553 3504 437 3431 6566
2 3 417 11413 442
1 3 417 11398 9412
2 5 441 9568 489 6532 3480
2 2 441 550
2 3 476 11464 550
2 2 476 6429
3 4 478 6441 11481 3535
2 2 478 9535
2 3 482 13116 11417
2 6 488 11454 9543 582 6458 3480
2 4 488 3452 6451 11561
2 5 488 458 409 6597 3575
2 4 490 11682 11902 10249
2 2 493 9546
2 3 494 9429 9569
2 5 494 3462 9414 6440 11432
2 4 494 583 3553 3569
2 2 495 6535
2 3 495 9443 11533
2 4 502 6530 6554 418
2 3 502 3466 6474
2 4 502 3479 6505 9461
3 3 512 3493 11631
3 4 512 3493 6688 3655
3 3 514 11481 3535
2 3 514 6559 11432
2 2 516 6560
2 2 516 6598
2 2 516 3516
2 3 526 9375 3522
2 3 526 11402 6513
2 4 537 6236 9387 9252
2 2 564 11533
2 3 564 9524 11445
2 2 587 6469
2 2 587 9522
2 3 591 11901 3943
2 2 596 11581
1 3 599 13252 11564
2 3 620 3626 6651
2 3 620 9751 3771
2 3 646 9606 3649
2 3 646 11787 3614
1 2 650 8229
2 4 678 698 6698 9642
3 2 686 9661
1 3 692 9652 673
2 3 692 11653 6725
1 4 693 3694 676 11639
2 3 704 11651 9665
2 3 704 6690 9661
1 2 704 6552
2 4 705 3722 568 737
2 3 708 3705 692
2 2 708 6540
2 3 737 767 11700
2 4 740 13233 3735 3902
2 3 748 6753 731
2 9 748 3748 9707 6750 11693 11690 712 6730 700
2 8 758 6955 11692 729 11843 13219 726 3918
2 4 773 3776 603 3604
1 4 773 3776 603 6631
2 2 776 3780
1 3 778 9603 6666
2 4 782 9924 967 925
2 3 858 13229 9778
2 5 870 11637 691 11656 6710
2 3 870 9810 831
1 3 872 6836 6812
1 5 875 6744 7198 10009 9979
1 3 917 1411 10644
1 3 917 7858 7766
2 2 922 9833
1 3 925 9838 6831
1 5 931 3930 6948 9881 858
2 3 931 9925 6866
2 4 940 11792 6925 11747
2 4 940 3788 1122 1005
1 2 947 856
2 3 949 965 9771
3 3 970 9869 3846
1 2 974 9837
1 4 974 11856 9875 9914
1 3 1001 10008 1146
1 2 1003 7155
1 3 1048 13228 4135
2 2 1086 4206
1 2 1092 10052
1 3 1102 7203 5046
1 2 1145 4146
1 4 1145 11939 7166 4046
1 2 1179 3456
2 2 1182 4188
2 2 1182 4100
1 7 1224 4269 1293 12188 1379 1407 4241
2 5 1278 1305 4354 12270 12298
3 2 1330 10154
1 3 1345 4364 12268
2 2 1356 12149
2 6 1387 4824 4754 1880 7733 12700
1 4 1403 4408 7559 7544
1 5 1408 1393 10273 1737 10644
1 7 1408 1393 4385 10258 10228 10548 1799
1 3 1412 7244 10190
1 2 1468 8178
2 2 1473 3181
2 2 1529 1542
1 2 1529 12466
2 3 1568 12394 10418
2 2 1580 13217
2 4 1595 7551 9653 9654
2 3 1595 10448 11621
2 3 1595 9796 831
2 2 1626 1641
2 2 1626 4575
1 3 1637 10471 7497
2 3 1637 4544 7537
2 3 1655 720 12497
2 4 1655 4508 12437 1595
2 3 1657 6740 490
2 3 1657 4666 3208
2 3 1657 7893 1356
2 3 1734 7776 4029
1 2 1846 5221
2 4 1848 12145 4790 1873
2 3 1873 4875 11571
2 4 1873 11667 12597 10618
2 3 1883 7919 5060
2 2 1883 3181
1 2 1900 10842
2 2 1951 10919
2 2 1951 12785
2 2 1969 1891
2 2 1974 5084
2 2 1992 8021
2 2 1992 7978
3 2 2012 10829
1 4 2028 5100 12327 12732
1 4 2028 7971 12820 1838
2 3 2042 6987 5061
1 2 2044 7930
1 2 2050 12731
1 3 2051 8032 5066
1 2 2052 5000
2 2 2096 10859
3 2 2100 2012
2 2 2100 12802
2 2 2120 7842
2 2 2120 5155
2 2 2120 12971
2 2 2123 2202
2 2 2123 5164
2 3 2126 13372 12391
2 2 2152 12901
2 2 2152 2194
2 2 2152 12922
2 2 2159 10972
2 2 2159 2180
2 2 2164 8227
2 2 2173 12964
2 2 2173 2194
2 2 2180 12908
2 2 2192 12975
2 2 2194 5178
2 2 2194 11007
2 2 2196 8182
2 2 2202 10972
2 2 2209 12922
2 2 2209 10973
2 3 2220 4171 10932
1 3 2225 5202 13288
3 2 2227 5168
3 4 2227 10989 7561 2164
2 3 2228 2132 5107
2 2 2407 7830
2 2 2407 7766
1 2 2947 10721
2 2 3010 7766
2 3 3010 515 6726
2 7 3021 3136 3128 77 9182 6093 156
2 12 3021 6042 133 3105 202 3191 113 6129 3162 11052 3039 11148
2 4 3140 9060 11048 9177
2 2 3147 6192
2 4 3147 9230 6177 9121
3 4 3151 6174 6197 117
2 4 3151 6174 11032 9098
2 5 3152 11426 11127 11443 4640
2 2 3165 5084
2 4 3169 10677 12393 7898
2 5 3171 11151 171 6310 383
3 7 3190 6215 9159 9033 135 12 6149
2 2 3258 3312
2 2 3258 3340
2 4 3272 6360 6229 9483
3 3 3272 6281 400
1 3 3273 6320 11218
2 2 3273 6395
2 2 3295 279
2 4 3295 6401 11515 493
2 2 3320 6413
2 3 3320 327 6296
2 2 3326 309
2 4 3338 312 3168 9248
2 5 3338 9041 6105 9099 3147
2 5 3338 9041 180 87 7330
2 9 3338 3075 11089 3064 9101 6088 6193 9213 186
2 4 3353 9322 296 11221
2 4 3379 3329 276 385
2 3 3380 6402 6332
2 2 3380 3295
2 3 3422 3463 540
2 6 3480 11489 11425 463 9413 11504
2 2 3488 9522
2 2 3488 11435
2 3 3488 13375 6583
3 2 3495 3509
2 2 3498 736
2 3 3500 9524 564
2 2 3500 482
2 2 3516 11519
2 2 3516 9536
3 3 3521 9544 3392
2 2 3522 11359
2 5 3529 9504 533 9516 6566
2 6 3529 498 11447 9442 11416 6794
2 2 3535 9471
3 2 3544 6259
3 3 3544 12562 3521
2 3 3549 6547 9507
2 4 3549 9578 6599 11535
2 3 3549 9523 11506
3 7 3578 578 3518 11423 6602 3555 3529
2 4 3580 9260 9328 9355
2 2 3598 620
2 4 3598 6792 11565 9737
2 5 3598 6792 11720 9717 6759
1 2 3601 591
1 3 3601 13252 11564
1 2 3604 9582
1 2 3614 3617
2 2 3614 11586
2 3 3649 630 9602
2 4 3652 3669 3681 9644
2 2 3652 9642
3 2 3655 6651
2 3 3663 9651 11636
2 4 3672 6702 11661 731
2 4 3672 683 6730 700
2 4 3685 659 11791 831
1 2 3692 11486
1 3 3692 11640 663
2 3 3696 713 9687
2 2 3696 11659
2 3 3701 6727 11670
2 5 3707 11686 754 3757 3575
2 3 3713 730 11659
2 2 3775 3763
2 2 3780 773
2 3 3816 11737 7213
1 5 3816 790 13223 6836 872
2 5 3816 790 13223 6966 6812
2 5 3816 790 13223 3873 6817
2 2 3823 6846
1 4 3823 11841 10412 1506
1 3 3838 6891 9772
1 2 3844 3973
2 3 3846 6933 3866
2 3 3854 4171 10932
2 2 3854 9962
1 4 3882 907 935 949
1 3 3882 3865 974
2 3 3918 918 11825
1 3 3924 11816 9894
2 2 3924 3943
1 4 3931 9857 6901 3816
1 4 3931 9857 6903 3902
2 4 3938 9767 6993 9785
2 2 3938 858
1 3 3976 1616 9907
1 3 3983 3856 856
2 4 4029 7829 926 12456
2 4 4029 9678 10599 4854
2 5 4029 9678 703 4834 4166
2 3 4033 10908 10877
2 3 4033 10857 5084
2 2 4033 10764
3 2 4045 12137
3 3 4045 2036 10807
2 4 4052 7171 7070 12040
2 3 4052 10065 7155
2 6 4076 4145 1071 11910 10061 11967
1 4 4100 7016 4118 1024
1 3 4108 7203 5046
2 2 4111 4550
2 2 4111 4486
1 2 4115 12101
2 3 4166 4738 4854
2 2 4188 4100
2 2 4206 4088
1 5 4228 1311 1340 4373 1224
2 4 4245 4062 4104 1538
2 2 4245 10077
1 5 4312 1337 4371 7236 12131
1 3 4416 10246 7363
1 2 4486 4440
2 3 4515 1516 12795
2 3 4515 1817 10594
2 2 4515 12677
2 3 4516 10361 7537
2 2 4540 10586
2 3 4550 10087 1088
1 2 4550 1108
1 3 4608 4390 12293
3 2 4640 9120
2 3 4735 1552 8054
2 2 4735 13217
2 2 4735 12391
2 2 4753 3736
2 2 4851 2151
2 2 4851 12963
2 2 4872 12688
2 2 4872 1873
2 3 4879 10957 8136
3 4 4883 4557 12420 10401
2 2 4889 8109
2 2 4889 7978
1 4 4891 12774 7917 1179
1 6 4908 8033 13214 12827 12745 10830
1 2 4920 8111
2 2 4938 1969
2 2 4938 8021
2 2 4941 2220
2 2 4942 10855
2 2 4942 8024
2 2 4942 5000
2 2 4948 12710
2 2 4952 12900
2 2 4989 7972
2 2 4997 7963
2 2 4997 5028
1 2 5010 10734
2 2 5013 12742
1 2 5015 13088
1 6 5025 4939 8049 5007 7301 5092
2 3 5026 1887 5000
2 2 5034 4948
1 4 5037 4981 7934 12758
1 3 5037 2090 8060
1 2 5046 4920
2 3 5061 12369 5015
1 2 5066 10730
1 2 5077 8058
1 2 5101 1975
1 3 5106 5217 10525
2 3 5107 8179 2164
2 3 5117 12945 12896
2 3 5117 12925 8219
2 2 5121 12954
1 4 5121 12920 2199 12306
1 2 5128 5222
2 2 5143 2208
2 2 5153 2164
3 2 5155 2216
2 2 5164 2159
1 2 5166 2182
3 3 5168 10939 10998
2 5 5168 10967 5182 10345 8227
3 2 5177 2151
2 2 5177 5212
2 3 5178 4587 2109
1 2 5178 12466
2 2 5178 11007
3 2 5199 2216
2 2 5199 12677
2 2 5199 7872
2 3 5200 12951 8224
2 2 5210 10976
2 2 5213 10986
1 2 5221 12950
1 2 6039 7978
3 3 6103 507 11446
2 2 6115 3171
2 3 6115 11078 3021
2 5 6164 3063 3375 3286 6331
2 7 6175 9119 11096 6096 11175 11212 11094
2 10 6175 9119 11096 6096 6021 3078 9055 11038 3092 9248
2 6 6181 3121 11181 9158 9074 6175
2 2 6218 6377
2 3 6218 9238 11359
2 5 6218 9264 9294 11305 321
2 3 6222 6342 9483
1 7 6226 9365 9391 365 497 3486 3330
1 7 6232 3203 3293 3350 6292 342 9289
1 4 6232 6556 11477 441
2 4 6235 3206 3341 3277
2 6 6248 9409 11335 11308 6450 3578
3 3 6259 548 493
3 3 6270 6221 9239
2 2 6270 11279
2 6 6278 7403 7431 6285 291 1278
3 2 6282 3312
2 2 6282 537
2 2 6296 3272
2 2 6314 3288
2 3 6332 11265 3288
2 3 6332 11245 6375
3 7 6338 260 404 3394 3294 11320 6278
2 3 6354 11220 11241
2 2 6354 9289
2 5 6375 9398 266 3384 281
2 5 6375 9346 6347 6321 6259
2 3 6377 3395 405
2 2 6377 526
2 3 6380 11282 9302
2 4 6380 6283 9278 9356
2 3 6389 6257 9320
2 2 6389 317
2 3 6413 6340 406
2 2 6446 11483
2 2 6446 6560
2 3 6464 13205 9412
2 2 6469 495
2 4 6474 6493 9430 9417
2 2 6488 9486
2 2 6488 589
2 2 6496 3262
2 3 6496 6500 11562
2 3 6504 3476 11420
2 2 6504 11606
2 2 6513 564
2 3 6513 3561 6524
2 4 6521 3499 9456 3522
2 3 6521 9428 478
2 3 6521 11444 3312
2 2 6524 9497
2 3 6524 538 6582
2 2 6524 3500
2 3 6535 9509 405
2 2 6540 3299
1 2 6542 11486
2 2 6550 4112
2 4 6552 6723 732 9665
2 3 6552 11525 9569
2 3 6555 9557 11417
2 2 6560 6598
3 2 6582 3535
2 2 6583 9559
2 2 6583 11435
2 2 6583 9418
2 3 6600 9423 476
2 4 6613 9590 6639 6666
2 2 6626 599
1 4 6651 6648 9593 590
2 4 6657 9597 11565 9737
2 2 6677 657
1 2 6679 11639
1 3 6679 11605 3645
3 3 6685 9624 11594
2 3 6696 1445 9727
2 2 6696 6974
2 3 6703 3680 6685
2 3 6706 3704 3701
2 3 6706 3724 3707
2 3 6710 11656 3685
1 2 6711 693
2 3 6725 9515 3299
2 3 6725 6708 9665
2 6 6725 9681 532 5283 9541 9569
2 3 6726 10684 7718
2 2 6726 3498
2 2 6766 11702
2 4 6766 943 6917 3946
3 3 6780 770 3772
3 3 6780 3782 776
1 2 6788 6973
2 2 6793 782
2 4 6794 6765 11727 748
1 4 6812 6966 3873 6817
2 4 6855 11760 11776 831
2 3 6857 935 949
2 5 6866 9917 11820 896 858
2 4 6890 9825 3853 6855
2 3 6890 9825 3685
2 3 6906 9896 6817
1 2 6973 6946
1 6 6974 4988 1582 9779 7558 1506
2 3 6974 4402 10586
2 2 6984 3957
2 2 7125 12040
2 2 7161 4941
1 3 7161 10858 8048
2 2 7185 7782
2 4 7213 871 9896 6906
2 2 7222 1146
1 3 7329 1279 12131
2 6 7330 108 99 9225 4298 4314
2 2 7330 186
2 4 7340 4321 1430 10152
1 3 7342 1291 12144
2 2 7363 4315
2 3 7363 10274 7447
1 5 7371 13378 7387 10285 4396
2 6 7375 4372 12626 206 7403 6278
2 8 7375 12216 361 3280 7320 12287 1233 9292
2 6 7375 1336 6025 12527 10216 10716
2 7 7375 1336 6025 3127 11111 11195 4314
2 2 7381 4406
1 3 7381 12249 1386
2 2 7394 11237
1 3 7432 10317 4223
2 3 7447 1238 1321
2 3 7476 12923 2218
2 3 7476 8210 12479
2 2 7500 8208
2 3 7500 5163 10975
2 4 7500 5163 2172 5213
2 4 7537 7593 4644 10077
2 2 7548 8054
2 3 7589 4570 8196
2 4 7589 8226 12334 10980
2 3 7589 8148 7476
1 3 7658 12488 8360
2 2 7696 2407
1 3 7716 4128 12896
1 3 7716 9986 12795
2 4 7782 12636 4218 12688
2 2 7831 10586
2 2 7842 2151
2 2 7872 13217
1 2 7891 7830
2 2 7898 4314
2 3 7898 7712 9121
2 2 7930 5101
1 2 7960 4993
1 4 7960 2048 12740 8118
2 2 7972 4948
2 3 8011 8100 1412
2 3 8011 12146 4315
2 2 8015 2100
1 4 8024 8080 10823 1981
1 3 8030 12768 8118
1 3 8030 4924 10840
2 2 8054 12677
3 2 8058 2012
2 2 8058 8015
1 3 8060 10870 8030
2 3 8062 11014 12941
1 3 8081 3745 5025
1 4 8081 10880 7314 7659
2 2 8087 10324
2 3 8087 4472 12114
1 3 8098 8066 1179
1 2 8109 7963
2 2 8109 5028
1 2 8113 10855
1 2 8113 8024
2 4 8129 5174 2190 2218
2 2 8140 2218
2 2 8181 2109
1 3 8181 5156 1529
2 2 8182 12944
2 3 8187 10943 12453
2 2 8187 8238
2 2 8193 5117
2 2 8193 2192
2 3 8193 13365 10968
1 2 8207 2192
2 2 8208 5184
2 2 8214 10525
2 2 8214 2213
2 3 8224 4587 2109
1 2 8227 8242
2 2 8238 4575
2 2 8238 11007
2 3 8242 5218 8129
2 2 8245 5177
2 2 8245 8178
1 3 8360 10522 4446
2 3 9098 3053 9120
2 3 9098 11139 117
2 2 9137 7978
2 7 9151 205 130 9088 182 3113 6132
2 4 9151 205 11129 11148
2 2 9152 3181
2 2 9152 13211
2 2 9152 7963
3 4 9206 9100 3060 3151
3 10 9206 11162 3050 6150 3187 6052 9176 9078 2994 11159
3 2 9239 6103
3 3 9239 11471 3369
2 3 9252 11260 279
3 3 9279 6345 6287
2 5 9292 7285 12584 12106 1387
2 6 9292 12157 7401 10256 4215 4261
2 2 9297 6270
2 2 9297 3301
2 4 9302 3327 3263 382
2 4 9302 401 335 11254
2 3 9320 6298 6218
2 3 9320 11305 321
2 3 9340 9240 10493
2 2 9340 6222
2 4 9347 6325 6298 6218
2 2 9347 9320
2 8 9355 11368 11214 384 356 3318 6341 413
3 8 9356 378 9311 3202 6362 9360 6299 11375
2 3 9361 9277 9252
2 2 9383 3273
2 2 9417 11559
2 3 9417 11434 9461
2 3 9450 6713 9654
2 2 9450 12312
2 6 9461 9488 3519 11476 6544 6566
2 3 9467 6510 10249
1 3 9471 9441 9497
3 2 9478 3509
2 4 9478 11613 9631 11600
3 2 9478 3671
2 3 9483 9731 6314
2 4 9483 6229 3337 3288
2 4 9483 6229 3337 281
2 3 9486 6444 11560
2 2 9486 529
3 4 9490 3506 6518 512
2 3 9490 3533 9505
2 3 9490 11732 13011
2 3 9503 549 11531
2 3 9503 6712 3692
2 3 9503 6529 678
2 2 9503 6542
2 3 9505 11488 11516
2 3 9505 9658 9642
3 2 9507 512
3 4 9507 6547 3534 3509
2 2 9517 6555
2 2 9517 11486
2 2 9536 11606
2 3 9537 6751 3713
2 4 9570 6512 9511 11467
1 2 9582 6793
3 3 9595 3627 9608
2 3 9602 9756 9771
2 3 9602 6998 3984
3 3 9608 6647 11577
2 3 9609 9625 11794
1 3 9609 3594 3770
3 3 9609 6644 3655
2 2 9612 9769
2 2 9617 3663
2 3 9617 6658 9612
2 3 9617 11603 6677
1 3 9620 9618 9587
2 3 9620 11590 6666
3 3 9644 6518 512
2 3 9644 667 9609
2 3 9648 11630 9661
2 3 9648 9646 596
2 3 9654 9653 870
3 4 9660 684 11646 11644
3 2 9660 6703
2 5 9661 11630 6672 665 596
1 2 9668 11639
1 3 9680 6741 11668
2 3 9687 6714 6711
2 4 9687 746 3548 11691
2 3 9716 3577 6600
2 3 9716 723 3707
1 5 9727 12637 9779 7558 1506
2 2 9764 6812
2 2 9764 854
2 3 9769 6967 6814
2 3 9769 649 9783
2 3 9769 9919 9902
2 4 9778 6896 3871 875
2 4 9778 3953 11812 832
2 4 9785 11870 3945 11742
1 3 9794 6926 925
2 3 9799 11848 4112
2 3 9815 4080 1048
1 4 9849 867 3865 974
1 3 9853 9824 854
1 2 9874 3882
2 3 9898 11877 958
2 3 9898 6960 3946
2 2 9902 922
2 2 9907 6946
3 3 9909 11891 3772
1 6 9914 9875 6900 13235 13234 914
1 2 9914 9780
1 3 9934 4009 10474
2 3 9962 4171 10932
2 2 9962 2220
1 3 9979 7153 4135
2 3 10013 1194 10070
2 2 10013 12087
2 3 10013 4199 7215
1 4 10052 11985 1025 7110
2 2 10070 7069
2 2 10073 3996
2 3 10073 7164 4076
2 3 10077 1609 4616
2 3 10088 1101 1538
2 6 10088 10116 12462 11978 10001 10255
1 3 10125 12097 7087
1 4 10154 12127 4336 1403
2 4 10255 4237 7297 7340
1 7 10265 1221 12236 10306 1372 12279 4228
2 3 10278 12180 10152
2 4 10278 1344 12734 8011
2 6 10278 7436 4420 10808 8067 7363
2 5 10278 1344 7310 12779 10756
2 4 10324 5104 10259 10756
2 2 10358 1538
2 4 10358 1444 4204 10077
2 4 10358 1444 7593 7537
1 3 10358 12307 7497
2 3 10362 12496 10502
1 4 10382 10354 1460 4446
2 3 10418 12998 10935
3 3 10418 10375 8208
2 3 10419 11002 8196
2 3 10447 7594 1542
1 4 10474 7019 12408 5092
2 3 10493 7482 310
2 2 10502 12453
2 3 10502 1613 1626
2 4 10502 1613 12481 1641
2 2 10515 7500
1 2 10594 1846
2 3 10594 10930 5221
2 3 10618 12693 1734
2 5 10709 12685 1870 3719 10618
2 5 10716 1704 10720 4846 12700
2 7 10716 7228 12567 10133 12287 1233 9292
1 2 10734 7912
1 6 10740 10894 4955 12728 2019 5061
1 2 10747 5026
2 4 10764 1953 7996 2096
1 3 10791 4932 8118
1 2 10792 5026
2 3 10795 10851 12744
2 2 10803 5013
3 4 10807 2036 1949 11995
2 3 10827 8052 5060
2 2 10827 12744
2 2 10827 4033
2 2 10831 1992
1 2 10840 10752
1 2 10855 4526
1 3 10859 13244 7912
1 4 10859 8019 13246 8062
2 2 10862 12785
2 2 10877 2096
1 2 10886 10842
1 2 10895 12873
2 2 10919 12731
2 3 10946 8197 10419
2 3 10947 11008 2109
2 2 10965 5143
2 2 10968 8219
2 2 10973 5200
2 2 10986 2208
2 2 10986 10965
3 4 10998 1524 4617 8242
1 3 11001 13311 10965
2 4 11079 11024 6134 6175
2 4 11079 6146 193 11076
2 4 11091 9117 9193 156
2 5 11091 3045 11147 11040 9151
2 3 11091 6127 35
2 7 11094 6090 18 127 6109 6017 166
2 5 11094 6159 11038 3092 9248
3 3 11105 6144 9167
2 8 11125 124 6087 6137 3156 9158 9074 6175
2 8 11125 124 6087 9112 11030 11085 15 6181
2 9 11125 124 6087 11204 3107 6128 6183 11142 9140
2 7 11159 90 6057 9190 152 57 3140
2 3 11168 3160 166
2 8 11168 81 6189 129 6056 6167 6101 121
2 4 11218 9314 11299 351
2 8 11225 11377 3216 3385 6379 10299 12128 12298
2 5 11225 11348 338 3486 3330
2 4 11241 9323 6249 6326
2 2 11241 6293
2 2 11251 3277
2 3 11279 9268 9239
2 3 11297 9250 3353
2 3 11301 11247 3392
3 8 11351 340 313 3304 6492 9460 3426 3578
2 3 11370 3267 406
2 7 11375 3303 11344 11394 11262 11309 6248
3 8 11375 6327 9325 3383 3282 9259 11356 6338
2 8 11375 6327 3352 3285 3197 3334 6294 392
3 5 11375 9368 270 3245 6149
2 5 11379 350 11217 6316 9356
3 7 11379 11248 11294 9273 9245 11381 11351
2 2 11388 6535
2 3 11388 247 309
2 3 11435 9575 11531
2 4 11437 11405 6596 11700
2 2 11445 11417
2 3 11465 503 9478
2 3 11465 11616 11600
2 3 11467 479 9546
2 2 11467 6464
2 2 11479 6483
2 2 11483 575
2 2 11483 6504
2 4 11504 3557 11397 418
2 4 11504 6507 9433 11437
2 3 11506 9523 9507
2 2 11516 9559
2 4 11519 6537 11407 9418
3 2 11542 9569
2 3 11542 6440 11432
2 3 11544 9572 11417
2 3 11544 561 3299
2 3 11544 11529 6540
2 4 11547 3558 3530 6542
2 2 11547 11531
2 3 11549 11518 11506
2 2 11549 13011
2 3 11549 3447 11606
2 8 11559 585 426 6417 775 9742 9688 748
2 2 11560 589
2 2 11560 11547
2 3 11561 6423 11437
2 2 11562 9522
2 2 11562 11519
2 2 11571 3736
1 2 11580 3617
2 2 11580 11586
2 2 11580 11577
2 3 11581 3592 3601
2 2 11584 628
1 2 11584 9582
2 3 11586 9599 3984
1 4 11586 3609 797 3956
3 2 11594 9595
2 2 11600 6657
2 2 11610 6685
3 3 11610 9643 9608
2 2 11621 6696
3 2 11631 3671
3 3 11631 9629 6651
2 2 11636 6706
2 2 11636 6677
3 4 11644 9656 679 646
2 2 11659 11644
2 2 11666 704
2 3 11666 6739 9692
2 2 11666 9661
2 5 11666 6739 3718 557 3569
2 4 11670 9698 11703 3575
2 4 11691 11536 6431 6483
2 3 11702 929 6759
1 4 11742 3945 9812 7213
2 3 11742 888 832
2 5 11742 888 3891 3799 6906
3 3 11768 9869 3846
3 2 11768 970
2 4 11773 11874 11824 9772
2 2 11794 6613
3 2 11805 970
2 3 11818 3526 6857
2 2 11818 895
1 3 11818 10163 3844
2 2 11833 6946
2 2 11834 958
2 2 11851 931
2 2 11851 3846
2 3 11851 3940 9815
2 3 11916 7094 7222
2 2 11916 1001
2 2 11929 4616
2 4 11929 11968 12010 9991
1 5 11929 9993 10416 1497 12366
2 5 11955 5002 9951 1377 12137
2 4 11960 1067 4172 10125
2 2 11964 10073
2 4 11964 10005 12049 4073
1 4 12014 9970 9982 12350
2 2 12040 1003
1 4 12101 12455 10901 8101
2 3 12114 1275 7340
1 2 12144 12131
2 4 12149 7433 1284 12291
2 4 12208 4278 5032 10756
2 4 12208 4278 10208 1412
2 4 12298 1210 1406 4261
2 5 12312 12368 7611 720 1655
2 4 12338 10389 10443 4616
2 2 12357 12456
2 2 12357 9450
2 3 12357 9657 4166
2 3 12364 1555 1568
3 2 12364 10515
2 2 12391 8136
2 2 12453 10515
2 2 12456 12312
2 3 12467 7625 9934
2 3 12473 7140 1088
1 2 12479 10432
2 4 12479 2185 5172 10980
2 4 12497 10457 12305 7831
2 2 12504 5199
2 2 12504 5221
1 3 12508 12571 10644
1 2 12512 10245
2 4 12582 5205 751 4854
2 3 12582 12278 9467
2 4 12582 7366 9480 10249
2 3 12603 1788 1848
2 3 12603 4759 10709
2 4 12603 12663 3481 736
2 3 12688 12145 1848
2 4 12700 7796 4774 3169
1 2 12702 10791
2 2 12710 8015
1 2 12715 4904
1 3 12727 5024 10791
1 3 12727 12870 8060
2 2 12731 12817
2 2 12731 12900
1 4 12732 2022 6638 5025
1 4 12732 1630 3742 8081
1 3 12732 10490 12815
3 2 12751 10829
2 2 12751 10812
3 2 12751 5045
1 5 12758 5099 7970 10901 8101
2 2 12762 12874
2 2 12762 12817
2 5 12786 2005 1569 4571 1637
2 3 12786 10751 4516
2 2 12795 7548
1 3 12798 5051 8252
2 2 12800 10877
2 2 12800 12744
2 2 12806 10795
2 2 12817 1891
2 3 12830 11108 3165
1 2 12845 2052
1 2 12845 1937
2 3 12858 1909 2038
2 2 12858 12802
1 2 12867 1900
1 2 12867 4904
2 4 12896 10025 13371 7548
2 2 12900 1992
2 3 12900 2025 8021
2 2 12900 8034
2 2 12901 8224
2 2 12901 5178
2 2 12908 10972
1 2 12921 8136
2 2 12941 10976
2 2 12944 2202
1 2 12950 5155
1 2 12950 12908
2 2 12963 1580
2 2 12963 10525
2 2 12964 8187
2 2 12964 5213
2 2 12971 5164
2 2 12971 2180
2 2 12989 3854
2 2 12989 7088
1 4 12994 5146 13304 11001
1 4 12994 5146 13304 2174
1 2 12997 2225
1 3 13079 12894 8118
1 2 13088 5021
1 2 13088 12721
2 2 13211 1883
2 2 13211 1974
1 2 13309 5143
