1 14
1 17
1 35
1 68
1 105
1 117
1 121
1 122
1 156
1 158
1 166
1 186
1 188
1 221
1 241
1 279
1 281
1 299
1 306
1 309
1 310
1 317
1 321
1 333
1 337
1 351
1 362
1 374
1 377
1 381
1 382
1 383
1 392
1 400
1 405
1 406
1 413
1 417
1 418
1 441
1 442
1 474
1 476
1 478
1 482
1 488
1 490
1 493
1 494
1 495
1 502
1 512
1 514
1 516
1 519
1 526
1 529
1 537
1 540
1 550
1 575
1 589
1 590
1 591
1 596
1 599
1 620
1 628
1 646
1 650
1 657
1 663
1 673
1 678
1 686
1 692
1 693
1 700
1 704
1 705
1 708
1 718
1 731
1 736
1 737
1 740
1 748
1 758
1 761
1 773
1 776
1 778
1 782
1 819
1 831
1 832
1 854
1 856
1 858
1 870
1 872
1 875
1 895
1 911
1 914
1 917
1 922
1 923
1 925
1 931
1 940
1 947
1 949
1 958
1 962
1 970
1 974
1 1001
1 1003
1 1005
1 1024
1 1048
1 1065
1 1086
1 1088
1 1092
1 1093
1 1102
1 1109
1 1145
1 1146
1 1179
1 1182
1 1224
1 1278
1 1321
1 1330
1 1345
1 1356
1 1386
1 1387
1 1403
1 1408
1 1412
1 1424
1 1426
1 1468
1 1473
1 1506
1 1510
1 1529
1 1538
1 1542
1 1568
1 1580
1 1583
1 1595
1 1626
1 1637
1 1639
1 1641
1 1655
1 1657
1 1734
1 1799
1 1801
1 1814
1 1838
1 1846
1 1848
1 1873
1 1883
1 1891
1 1900
1 1914
1 1920
1 1937
1 1951
1 1969
1 1974
1 1975
1 1981
1 1992
1 1993
1 2012
1 2028
1 2029
1 2038
1 2042
1 2044
1 2050
1 2051
1 2052
1 2077
1 2089
1 2096
1 2097
1 2100
1 2120
1 2123
1 2126
1 2151
1 2152
1 2164
1 2173
1 2174
1 2176
1 2180
1 2182
1 2192
1 2196
1 2197
1 2206
1 2208
1 2209
1 2211
1 2213
1 2218
1 2225
1 2227
1 2228
1 2407
1 2947
1 3010
1 3021
1 3122
1 3140
1 3147
1 3151
1 3152
1 3164
1 3169
1 3171
1 3190
1 3194
1 3208
1 3215
1 3262
1 3272
1 3273
1 3277
1 3295
1 3299
1 3301
1 3312
1 3320
1 3330
1 3338
1 3353
1 3392
1 3456
1 3458
1 3480
1 3488
1 3495
1 3498
1 3509
1 3521
1 3522
1 3529
1 3544
1 3549
1 3552
1 3569
1 3575
1 3578
1 3580
1 3583
1 3598
1 3614
1 3645
1 3652
1 3660
1 3663
1 3672
1 3685
1 3692
1 3696
1 3701
1 3713
1 3732
1 3736
1 3754
1 3763
1 3768
1 3770
1 3772
1 3775
1 3795
1 3816
1 3823
1 3838
1 3844
1 3846
1 3854
1 3866
1 3902
1 3918
1 3924
1 3931
1 3938
1 3943
1 3946
1 3956
1 3957
1 3973
1 3976
1 3983
1 3984
1 3996
1 4029
1 4045
1 4046
1 4050
1 4052
1 4073
1 4108
1 4111
1 4112
1 4115
1 4135
1 4144
1 4146
1 4165
1 4166
1 4223
1 4228
1 4241
1 4245
1 4261
1 4273
1 4312
1 4314
1 4345
1 4396
1 4406
1 4410
1 4416
1 4440
1 4446
1 4515
1 4516
1 4540
1 4543
1 4575
1 4608
1 4616
1 4619
1 4624
1 4640
1 4641
1 4718
1 4753
1 4854
1 4872
1 4879
1 4883
1 4887
1 4889
1 4891
1 4908
1 4920
1 4933
1 4941
1 4942
1 4948
1 4989
1 4993
1 4997
1 5010
1 5013
1 5015
1 5025
1 5026
1 5034
1 5037
1 5045
1 5046
1 5060
1 5061
1 5077
1 5092
1 5105
1 5117
1 5121
1 5128
1 5168
1 5184
1 5186
1 5199
1 5200
1 5212
1 5213
1 5231
1 6039
1 6050
1 6103
1 6115
1 6132
1 6149
1 6151
1 6164
1 6175
1 6181
1 6192
1 6222
1 6226
1 6232
1 6248
1 6259
1 6278
1 6280
1 6282
1 6287
1 6293
1 6296
1 6314
1 6326
1 6331
1 6336
1 6338
1 6354
1 6380
1 6384
1 6395
1 6413
1 6429
1 6464
1 6474
1 6483
1 6504
1 6524
1 6550
1 6552
1 6566
1 6600
1 6613
1 6631
1 6666
1 6677
1 6679
1 6685
1 6696
1 6700
1 6706
1 6710
1 6711
1 6726
1 6732
1 6742
1 6759
1 6766
1 6780
1 6794
1 6814
1 6831
1 6855
1 6857
1 6866
1 6875
1 6890
1 6974
1 6984
1 6994
1 7021
1 7035
1 7087
1 7110
1 7118
1 7125
1 7161
1 7202
1 7213
1 7215
1 7222
1 7254
1 7329
1 7330
1 7340
1 7342
1 7363
1 7371
1 7375
1 7394
1 7399
1 7415
1 7432
1 7476
1 7497
1 7537
1 7544
1 7589
1 7621
1 7656
1 7658
1 7659
1 7683
1 7716
1 7718
1 7831
1 7853
1 7869
1 7898
1 7912
1 7959
1 7960
1 7963
1 8015
1 8030
1 8034
1 8048
1 8060
1 8073
1 8081
1 8087
1 8098
1 8101
1 8129
1 8140
1 8182
1 8187
1 8196
1 8207
1 8219
1 8224
1 8242
1 8246
1 8252
1 8360
1 9098
1 9120
1 9140
1 9151
1 9167
1 9177
1 9206
1 9248
1 9252
1 9262
1 9279
1 9289
1 9292
1 9296
1 9302
1 9303
1 9304
1 9315
1 9340
1 9355
1 9356
1 9361
1 9417
1 9450
1 9461
1 9467
1 9490
1 9505
1 9507
1 9535
1 9537
1 9548
1 9569
1 9570
1 9587
1 9588
1 9595
1 9609
1 9612
1 9642
1 9644
1 9648
1 9660
1 9692
1 9716
1 9737
1 9740
1 9769
1 9772
1 9778
1 9780
1 9785
1 9799
1 9815
1 9817
1 9849
1 9853
1 9894
1 9934
1 9978
1 9979
1 9991
1 10013
1 10029
1 10052
1 10077
1 10125
1 10152
1 10154
1 10184
1 10199
1 10212
1 10230
1 10245
1 10249
1 10255
1 10265
1 10302
1 10313
1 10324
1 10382
1 10474
1 10644
1 10709
1 10716
1 10747
1 10756
1 10801
1 10807
1 10812
1 10827
1 10830
1 10862
1 10895
1 10905
1 10919
1 10935
1 10965
1 10976
1 10981
1 11007
1 11076
1 11079
1 11091
1 11094
1 11105
1 11125
1 11136
1 11145
1 11148
1 11159
1 11168
1 11225
1 11241
1 11254
1 11293
1 11301
1 11349
1 11351
1 11370
1 11375
1 11379
1 11417
1 11432
1 11435
1 11437
1 11465
1 11467
1 11479
1 11504
1 11535
1 11542
1 11544
1 11559
1 11561
1 11571
1 11574
1 11668
1 11670
1 11691
1 11700
1 11742
1 11746
1 11747
1 11773
1 11825
1 11916
1 11955
1 11960
1 11964
1 11967
1 12101
1 12114
1 12131
1 12137
1 12208
1 12268
1 12298
1 12299
1 12306
1 12312
1 12350
1 12357
1 12366
1 12384
1 12391
1 12459
1 12508
1 12582
1 12603
1 12700
1 12702
1 12721
1 12732
1 12762
1 12785
1 12786
1 12800
1 12802
1 12810
1 12815
1 12853
1 12858
1 12941
1 12954
1 12971
1 12994
1 12997
1 13309
