
state={
	id=557
	name="STATE_557"

	history={
		owner = X73
		victory_points = {
			957 10 
		}
		buildings = {
			infrastructure = 1
			industrial_complex = 1
			arms_factory = 0
			air_base = 5
			3753 = {
				naval_base = 4
			}

		}
		add_core_of = X55
		add_core_of = X73
	}

	provinces={
		664 675 681 725 739 753 810 837 957 1267 1325 1343 1397 1504 1724 1802 1842 3664 3695 3723 3739 3753 3756 3787 3811 3843 3963 3977 4246 4290 4404 4701 4725 4779 4805 4829 4841 4844 6684 6686 6715 6774 6833 6838 6961 6989 7249 7266 7309 7616 7672 7748 7754 7763 7801 7868 7871 9589 9604 9639 9641 9659 9733 9749 9762 9895 9926 10466 10571 10577 10655 10722 11575 11624 11626 11629 11643 11719 11745 11750 11765 11777 11879 11904 12136 12189 12192 12261 12263 12559 12569 12638 12654 12657 12678 
	}
	manpower=1823308
	buildings_max_level_factor=1.000
	state_category=large_island

	local_supplies=10.0
}
